21554 1 1 1999 54845 femmme gauche 
45454 1 1 1999 54548 femme centre 
12151 2 1 1999 1552 femme centre 
1154 17 10 2007 48545 femme gauche 
11946401 31 10 2019 23481566 femme centre 
14254 14 1 1999 12458 homme droite 
1 1999 45421 1999 0000 gauche 1 
1245 5 1 1999 12485 45454 gauche 
1245 5 1 1999 12485 45454 gauche 
1245 5 1 1999 12485 45454 gauche 
2545 1 1 1999 25445 femme centre 
2115 1 1 1999 2151521 femme gauche 
21552 1 1 1999 122515 femme centre 
21245 1 1 1999 25515 homme droite 
21515 1 1 1999 2152 femme centre 
2115 1 1 1999 21521 femme centre 
11946405 1 1 1999 95685044 homme centre 
1111 0 0 0 2016 homme droite 
1 1 1999 2215 femme centre 1998 
1 1 1999 558 femme gauche 1000 
1 1 1999 1452 femme centre 23481566 
1 1 2006 5854 femme gauche 23481566 
1 1 2006 5854 femme gauche 23481566 
1545 1 1 1999 4454 femme centre 
1545 1 1 1999 4454 femme centre 
254 2 1 1999 1545 femme gauche 
2151 2 1 1999 2155 femme gauche 
254 1 1 1999 45454 gauche gauche 
215 1 1 1999 151 femme centre 
5454 1 1 1999 4455 femme centre 
5455 1 1 1999 54544 femme gauche 
51151 1 1 1999 45454 femme gauche 
45545 1 1 1999 5454 femme centre 
545454 1 1 1999 5445 femme centre 
55454 1 1 1999 45454 gauche 23481566 
1 1 1999 1551 femme gauche 23481566 
5454 1 1 1999 544 gauche 23481566 
2155 1 1 2000 23481566 homme droite 
2115 1 1 1999 1551 femme gauche 
45445 1 1 1999 5455 femme gauche 
5451 1 1 1999 22121 femme centre 
2125 1 1 1999 212 femme centre 
